33
33
387
387
39
39
55
55
5
5
0
0
0
0
0
0
0
0
0
0
0
0
0
0
110
110
0
0
208
208
0
0
11
11
31
31
0
0
1537
1537
0
0
0
0
32
32
0
0
248
248
0
0
0
0
33
33
387
387
39
39
55
55
0
0
0
0
5
5
0
0
0
0
0
0
0
0
0
0
110
110
0
0
0
0
208
208
0
0
11
11
0
0
31
31
0
0
1537
1537
32
32
0
0
248
248
0
0
0
0
33
33
387
387
39
39
55
55
0
0
0
0
0
0
0
0
5
5
0
0
0
0
0
0
110
110
0
0
0
0
208
208
0
0
11
11
31
31
0
0
1537
1537
0
0
0
0
0
0
32
32
0
0
248
248
33
33
387
387
39
39
55
55
5
5
0
0
0
0
0
0
0
0
0
0
0
0
0
0
110
110
208
208
0
0
11
11
0
0
0
0
31
31
0
0
1537
1537
0
0
0
0
32
32
0
0
248
248
0
0
33
33
387
387
39
39
55
55
5
5
0
0
0
0
0
0
0
0
0
0
0
0
0
0
110
110
208
208
0
0
11
11
0
0
0
0
31
31
0
0
1537
1537
0
0
32
32
0
0
248
248
0
0
0
0
33
33
387
387
39
39
55
55
0
0
0
0
5
5
0
0
0
0
0
0
0
0
0
0
110
110
0
0
0
0
208
208
0
0
11
11
31
31
0
0
1537
1537
0
0
0
0
0
0
32
32
0
0
248
248
33
33
387
387
39
39
55
55
0
0
0
0
5
5
0
0
0
0
0
0
0
0
0
0
0
0
110
110
0
0
208
208
0
0
11
11
31
31
0
0
1537
1537
0
0
0
0
0
0
32
32
0
0
248
248
33
33
387
387
39
39
55
55
0
0
0
0
0
0
0
0
5
5
0
0
0
0
0
0
110
110
0
0
208
208
0
0
11
11
0
0
0
0
