1
1
111
209
122
240
1659
272
1907
305
2294
344
1
1
111
209
122
240
1659
272
1907
1907
305
2294
344
1
1
111
209
122
240
1659
272
1907
305
2294
344
1
1
111
209
122
1659
272
1907
305
2294
344
344
1
1
111
209
122
240
1659
272
1907
305
2294
344
1
1
111
209
122
240
1659
272
1907
305
2294
344
1
1
111
209
111
111
122
240
1659
272
1907
305
2294
344
344
1
1
111
209
122
240
1659
272
1907
305
2294
344
1
1
111
209
122
240
1659
272
1907
305
2294
344
1
1
111
209
122
240
1659
272
1907
305
2294
344
1
1
111
209
122
240
1659
272
1907
305
2294
344
1
1
111
209
122
240
1659
272
1907
305
2294
344
1
1
111
209
122
240
1659
272
1907
305
2294
344
1
1
111
209
122
240
1659
272
1907
305
2294
2294
344
1
1
111
209
122
240
1659
272
1907
305
2294
344
1
1
111
209
111
111
122
240
1659
272
1907
305
2294
344
1
1
111
209
122
240
1659
272
1907
305
2294
344
1
1
111
209
122
240
1659
272
1907
305
2294
344
1
1
111
209
122
240
1659
272
1907
305
2294
344
1
1
111
209
122
240
1659
272
1907
305
2294
344
1
1
111
209
122
240
1659
272
1907
305
2294
344
1
1
111
209
122
240
1659
272
1907
305
2294
344
1
1
111
209
122
240
1659
272
1907
305
2294
344
