1605281883.622722358
1605281883.622744557
1605281883.622838476
1605281883.622845213
1605281884.103294683
1605281884.103316796
1605281884.103507959
1605281884.103515081
1605281884.607928455
1605281884.607951828
1605281884.608036617
1605281884.608044567
1605281884.630050523
1605281884.630073199
1605281884.630091090
1605281884.630095843
1605281884.652102999
1605281884.652136092
1605281884.652160220
1605281884.652164665
1605281885.108588650
1605281885.108619405
1605281885.132747504
1605281885.132770061
1605281885.132924584
1605281885.132931481
1605281885.616963802
1605281885.616986176
1605281885.657839163
1605281885.657858813
1605281885.657874752
1605281885.657886830
1605281885.657954512
1605281885.657959319
1605281886.139969842
1605281886.139995218
1605281886.140015943
1605281886.140027811
1605281886.140110205
1605281886.140116029
1605281886.159638760
1605281886.159659145
1605281886.159672705
1605281886.159676339
1605281886.627524915
1605281886.627548637
1605281886.627574886
1605281886.627578842
1605281886.627647319
1605281886.627652261
1605281886.676351490
1605281886.676371747
1605281886.676387787
1605281886.676391377
1605281887.247804571
1605281887.247826091
1605281887.247918807
1605281887.247924904
1605281887.757304981
1605281887.757328578
1605281887.757511707
1605281887.757519706
1605281888.249371455
1605281888.249394256
1605281888.249415566
1605281888.249419538
1605281888.275451801
1605281888.275475698
1605281888.275501793
1605281888.275504952
1605281888.275579628
1605281888.275586335
1605281888.277786560
1605281888.277804780
1605281888.277818585
1605281888.277821747
1605281888.783765943
1605281888.783791515
1605281888.783955540
1605281888.783963714
1605281888.784962654
1605281888.784971649
1605281889.266750511
1605281889.266772743
1605281889.294395872
1605281889.294417534
1605281889.294434585
1605281889.294448235
1605281889.294517755
1605281889.294523486
1605281889.775837611
1605281889.775860571
1605281889.812927625
1605281889.812946083
1605281889.812961599
1605281889.812974045
1605281889.813052759
1605281889.813059405
1605281890.296100403
1605281890.296124861
1605281890.296153391
1605281890.296157254
1605281890.296221762
1605281890.296227500
1605281890.296677384
1605281890.296685038
1605281890.296689620
1605281890.296692460
1605281890.776930005
1605281890.776952534
1605281890.777050811
1605281890.777060942
1605281891.263203989
1605281891.263224899
1605281891.263402913
1605281891.263410503
1605281891.756827064
1605281891.756853068
1605281891.756873829
1605281891.756877830
1605281891.776540022
1605281891.776563184
1605281891.776579722
1605281891.776583337
1605281891.810013703
1605281891.810032903
1605281891.810054178
1605281891.810057648
1605281891.810128182
1605281891.810134584
1605281892.264316033
1605281892.264338382
1605281892.264493204
1605281892.264501270
1605281892.290745812
1605281892.290762020
1605281892.744810012
1605281892.744830772
1605281892.748411808
1605281892.748419533
1605281892.748430024
1605281892.748437529
1605281892.748498172
1605281892.748503572
1605281893.229252777
1605281893.229278680
1605281893.229299516
1605281893.229311435
1605281893.229381357
1605281893.229387922
1605281893.231384293
1605281893.231392493
1605281893.231398101
1605281893.231400731
1605281893.712380810
1605281893.712406574
1605281893.724309211
1605281893.724320239
1605281893.724331615
1605281893.724343766
1605281893.724414777
1605281893.724419478
1605281894.210965686
1605281894.210979132
1605281894.211069483
1605281894.211075087
1605281894.725849726
1605281894.725871081
1605281894.726044370
1605281894.726052250
1605281895.206777722
1605281895.206802530
1605281895.206886426
1605281895.206893412
1605281895.209414449
1605281895.209421910
1605281895.209428495
1605281895.209431397
1605281895.236771832
1605281895.236797037
1605281895.236816797
1605281895.236820642
1605281895.696864877
1605281895.696885843
1605281895.742470430
1605281895.742491199
1605281895.742647855
1605281895.742654434
1605281896.230911514
1605281896.230935126
1605281896.230956241
1605281896.230969716
1605281896.231037200
1605281896.231043156
1605281896.255682312
1605281896.255700851
1605281896.255714548
1605281896.255717967
1605281896.716785165
1605281896.716807072
1605281896.716827249
1605281896.716840492
1605281896.716912528
1605281896.716917710
1605281896.762580477
1605281896.762602088
1605281896.762628943
1605281896.762632258
1605281897.199264445
1605281897.199287604
1605281897.199319089
1605281897.199323175
1605281897.199396886
1605281897.199401842
1605281897.253710533
1605281897.253733526
1605281897.680257974
1605281897.680279407
1605281897.680397527
1605281897.680403138
1605281898.165560113
1605281898.165581441
1605281898.165764119
1605281898.165771029
1605281898.646246064
1605281898.646268325
1605281898.646348712
1605281898.646356322
1605281898.646368477
1605281898.646376847
1605281898.646382366
1605281898.646384551
1605281898.682622635
1605281898.682652385
1605281898.682674055
1605281898.682678535
1605281899.150290498
1605281899.150321200
1605281899.171758893
1605281899.171779548
1605281899.171956134
1605281899.171963735
1605281899.654015257
1605281899.654036226
1605281899.654056520
1605281899.654066223
1605281899.654133271
1605281899.654149588
1605281899.671135054
1605281899.671151723
1605281899.671162117
1605281899.671165606
1605281900.135194912
1605281900.135220800
1605281900.135242196
1605281900.135252573
1605281900.135323047
1605281900.135328364
1605281900.150206980
1605281900.150228501
1605281900.620240076
1605281900.620263143
1605281900.620294225
1605281900.620298292
1605281900.620369353
1605281900.620375196
1605281900.652764711
1605281900.652785668
1605281900.652799305
1605281900.652802667
1605281901.119501542
1605281901.119523466
1605281901.119612441
1605281901.119619522
1605281901.618075074
1605281901.618096165
1605281901.618277412
1605281901.618284358
1605281902.100504383
1605281902.100530892
1605281902.100552068
1605281902.100556302
1605281902.100696663
1605281902.100704247
1605281902.100730170
1605281902.100732992
1605281902.100797007
1605281902.100801758
1605281902.119678515
1605281902.119698780
1605281902.119714085
1605281902.119718055
1605281902.626526789
1605281902.626551652
1605281902.626720695
1605281902.626728362
1605281902.680702707
1605281902.680738061
1605281903.113244187
1605281903.113268652
1605281903.127037636
1605281903.127047578
1605281903.127058985
1605281903.127069786
1605281903.127132024
1605281903.127136632
1605281903.608967511
1605281903.608990391
1605281903.609011334
1605281903.609024297
1605281903.609109341
1605281903.609116241
1605281903.618893136
1605281903.618907719
1605281903.618917530
1605281903.618921337
1605281904.094047981
1605281904.094072589
1605281904.097820694
1605281904.097826507
1605281904.097850932
1605281904.097870614
1605281904.097933963
1605281904.097938552
1605281904.616777978
1605281904.616798440
1605281904.616883046
1605281904.616889611
1605281905.110948146
1605281905.110969712
1605281905.111146746
1605281905.111153693
1605281905.591666170
1605281905.591690789
1605281905.591712198
1605281905.591716233
1605281905.610008402
1605281905.610019080
1605281905.610034856
1605281905.610037864
1605281905.610106127
1605281905.610112449
1605281905.625755021
1605281905.625773688
1605281905.625789609
1605281905.625792914
1605281906.096075560
1605281906.096101849
1605281906.109458777
1605281906.109479531
1605281906.109652563
1605281906.109660097
1605281906.593889921
1605281906.593908383
1605281906.594661062
1605281906.594668292
1605281906.594677623
1605281906.594686373
1605281906.594752651
1605281906.594758945
1605281907.077043059
1605281907.077080771
1605281907.077102940
1605281907.077112188
1605281907.077171879
1605281907.077177029
1605281907.083057528
1605281907.083065451
1605281907.083071123
1605281907.083073971
1605281907.566860991
1605281907.566895633
1605281907.568310550
1605281907.568316432
1605281907.568325550
1605281907.568333241
1605281907.568396136
1605281907.568402180
1605281908.050838457
1605281908.050857696
1605281908.050934158
1605281908.050939851
1605281908.537835740
1605281908.537856415
1605281908.538032013
1605281908.538038867
1605281909.023790770
1605281909.023819881
1605281909.023839622
1605281909.023843977
1605281909.026848201
1605281909.026856208
1605281909.026864610
1605281909.026867618
1605281909.063122620
1605281909.063140016
1605281909.063158759
1605281909.063161687
1605281909.063224848
1605281909.063230358
1605281909.512586524
1605281909.512610467
1605281909.512777636
1605281909.512784614
1605281909.581212620
1605281909.581235016
1605281910.006762981
1605281910.006786829
1605281910.006806777
1605281910.006818266
1605281910.006882973
1605281910.006887588
1605281910.059081441
1605281910.059105395
1605281910.059121854
1605281910.059126381
