1605416559.420446593
1605416559.420522912
1605416559.420570818
1605416559.628244880
1605416559.628353050
1605416561.116261762
1605416561.116382553
1605416561.116454694
1605416561.116503838
1605416561.324242627
1605416561.324463849
1605416561.324533684
1605416562.332490048
1605416562.332589382
1605416562.332632540
1605416562.333123502
1605416562.333176388
1605416562.333256510
1605416562.333290297
1605416562.540229313
1605416562.540381162
1605416562.540386723
1605416562.540473764
1605416562.540590435
1605416562.540918719
1605416562.546602409
1605416562.546667586
1605416562.546710213
1605416562.547132758
1605416562.547179349
1605416562.547255161
1605416562.547293308
1605416562.547332372
1605416562.547365430
1605416562.547408178
1605416562.547486300
1605416562.547762500
1605416563.580467420
1605416563.580568002
1605416563.580611626
1605416563.581117363
1605416563.581171134
1605416563.788379652
1605416563.788459226
1605416563.788497643
1605416563.996259376
1605416563.996494358
1605416563.996865152
1605416563.996867502
1605416566.044423818
1605416566.044498599
1605416566.044541017
1605416566.252273105
1605416566.252434042
1605416566.252564451
1605416566.252602598
1605416566.252645468
1605416566.252675272
1605416566.460258482
1605416566.460462898
1605416566.460797939
1605416567.484479078
1605416567.484575040
1605416567.484623942
1605416567.692272013
1605416567.692404655
1605416567.692517754
1605416567.692575388
1605416567.692622411
1605416567.692655003
1605416567.692697982
1605416567.692806760
1605416567.693121015
1605416567.698792592
1605416567.698868471
1605416567.698908987
1605416567.904246304
1605416567.904252441
1605416567.904277684
1605416567.904371605
1605416567.904495285
1605416567.904535961
1605416568.320242510
1605416568.320367172
1605416568.320455411
1605416568.320576439
1605416568.320929101
1605416568.320931381
1605416568.326561184
1605416568.326634875
1605416568.326674183
1605416568.327098221
1605416568.327145185
1605416568.327222624
1605416568.327256906
1605416568.532241831
1605416568.532354029
1605416568.532434951
1605416568.532584873
1605416568.532898908
1605416571.580513806
1605416571.580609806
1605416571.580654578
1605416571.788262003
1605416571.788390372
1605416571.788510578
1605416571.788549502
1605416571.788595231
1605416571.788630611
1605416571.788679267
1605416571.788792134
1605416571.789113909
1605416572.796458168
1605416573.004242347
1605416573.004342662
1605416573.004867026
1605416573.004923200
1605416573.005010117
1605416573.005043865
1605416573.005086230
1605416573.005115902
1605416573.212242839
1605416573.212453324
1605416573.212762387
1605416574.236523256
1605416574.236614004
1605416574.236659846
1605416574.237158170
1605416574.237210294
1605416574.444239106
1605416574.444382300
1605416574.444462318
1605416574.444499140
1605416574.652297180
1605416574.652510228
1605416574.652822962
1605416574.658412476
1605416574.658484652
1605416574.658523380
1605416574.658944108
1605416574.658988634
1605416574.659064170
1605416574.659104832
1605416574.659148722
1605416574.659179686
1605416574.659222395
1605416574.659292768
1605416574.659517668
1605416590.140512165
1605416590.140562977
1605416590.140613539
1605416590.556263624
1605416590.556426618
1605416590.556538115
1605416590.556588955
1605416590.972240416
1605416590.972351308
1605416590.972427178
1605416590.972556545
1605416590.972609420
1605416590.978412821
1605416590.978485555
1605416590.978524864
1605416591.184261417
1605416591.184393185
1605416591.184514798
1605416591.184553268
1605416591.184598785
1605416591.184628857
1605416591.392262264
1605416591.392454175
1605416591.392460615
1605416591.392798212
1605416591.398381295
1605416591.398454290
1605416591.398494503
1605416591.398916246
1605416591.398963285
1605416591.399039727
1605416591.399074509
1605416591.399111084
1605416591.399144312
1605416591.399187128
1605416591.399260612
1605416591.399483038
1605416591.404248001
1605416591.404314504
1605416591.404351149
1605416591.612257667
1605416591.612264161
1605416591.612335013
1605416591.612436298
1605416591.612554238
1605416591.612592059
1605416591.612637016
1605416591.612667825
1605416591.612710352
1605416591.612821470
1605416591.613132977
1605416592.636466176
1605416592.636534842
1605416592.636579942
1605416592.637104204
1605416592.637156071
1605416592.637235709
1605416592.637269320
1605416592.637311723
1605416592.637344383
1605416592.637389474
1605416592.637510142
1605416592.637829078
1605416593.660495023
1605416593.864268998
1605416593.864385075
1605416593.864929383
1605416593.864987227
1605416593.865076392
1605416593.865112345
1605416593.865155924
1605416593.865185543
1605416594.072260422
1605416594.072474944
1605416594.072819127
1605416594.078428478
1605416594.078504853
1605416594.078548052
1605416594.284243433
1605416594.284396704
1605416594.284512501
1605416594.284550398
1605416594.284593905
1605416594.284623266
1605416594.492251269
1605416594.492467957
1605416594.492802218
1605416594.498441782
1605416594.498518670
1605416594.498557115
1605416594.704264163
1605416594.704436850
1605416594.704551156
1605416594.704591833
1605416594.912262244
1605416594.912426284
1605416594.912510093
1605416594.912623215
1605416594.912944500
1605416594.918493020
1605416594.918566593
1605416594.918606935
1605416594.919023601
1605416594.919069458
1605416594.919137692
1605416594.919175003
1605416595.124225688
1605416595.124320234
1605416595.124406877
1605416595.124525822
1605416595.124871375
1605416595.130464031
1605416595.130537204
1605416595.130576214
1605416595.130994305
1605416595.131039614
1605416595.131107227
1605416595.131143994
1605416595.131187412
1605416595.131217695
1605416595.336244782
1605416595.336476306
1605416595.336816118
1605416595.342393107
1605416595.342468827
1605416595.342508561
1605416595.548245293
1605416595.548403951
1605416595.548518510
1605416595.548558682
1605416595.548603494
1605416595.548633521
1605416595.548682116
1605416595.548793084
1605416595.549108265
